Source\Dest	HBM0	HBM1	HBM2	HBM3	HBM4	HBM5	HBM6	HBM7		Row sum
HBM0	0.0000	55.1844	55.1844	55.1844	7.9998	7.9998	7.9998	7.9998		197.5530
HBM1	55.1844	0.0000	55.1844	55.1844	7.9998	7.9998	7.9998	7.9998		197.5530
HBM2	55.1844	55.1844	0.0000	55.1844	7.9998	7.9998	7.9998	7.9998		197.5530
HBM3	55.1844	55.1844	55.1844	0.0000	7.9998	7.9998	7.9998	7.9998		197.5530
HBM4	7.9998	7.9998	7.9998	7.9998	0.0000	55.1844	55.1844	55.1844		197.5530
HBM5	7.9998	7.9998	7.9998	7.9998	55.1844	0.0000	55.1844	55.1844		197.5530
HBM6	7.9998	7.9998	7.9998	7.9998	55.1844	55.1844	0.0000	55.1844		197.5530
HBM7	7.9998	7.9998	7.9998	7.9998	55.1844	55.1844	55.1844	0.0000		197.5530
Col sum	197.5530	197.5530	197.5530	197.5530	197.5530	197.5530	197.5530	197.5530		1580.4238
