	Destination
Source	Core0	Core1	HBM0	HBM1	HBM2	HBM3	HBM4	HBM5	HBM6	HBM7		Row sum
Core0	0.000000	0.000000	2.000000	2.000000	2.000000	2.000000	2.000000	2.000000	2.000000	2.000000		16.000000
Core1	0.000000	0.000000	2.000000	2.000000	2.000000	2.000000	2.000000	2.000000	2.000000	2.000000		16.000000
HBM0	2.000000	0.000000	0.000000	0.000000	0.000000	0.000000	0.000000	0.000000	0.000000	0.000000		2.000000
HBM1	2.000000	0.000000	0.000000	0.000000	0.000000	0.000000	0.000000	0.000000	0.000000	0.000000		2.000000
HBM2	0.000000	2.000000	0.000000	0.000000	0.000000	0.000000	0.000000	0.000000	0.000000	0.000000		2.000000
HBM3	0.000000	2.000000	0.000000	0.000000	0.000000	0.000000	0.000000	0.000000	0.000000	0.000000		2.000000
HBM4	2.000000	0.000000	0.000000	0.000000	0.000000	0.000000	0.000000	0.000000	0.000000	0.000000		2.000000
HBM5	2.000000	0.000000	0.000000	0.000000	0.000000	0.000000	0.000000	0.000000	0.000000	0.000000		2.000000
HBM6	0.000000	2.000000	0.000000	0.000000	0.000000	0.000000	0.000000	0.000000	0.000000	0.000000		2.000000
HBM7	0.000000	2.000000	0.000000	0.000000	0.000000	0.000000	0.000000	0.000000	0.000000	0.000000		2.000000
Col sum	8.000000	8.000000	4.000000	4.000000	4.000000	4.000000	4.000000	4.000000	4.000000	4.000000		48.000000
