	Destination										
Source	Core0	Core1	HBM0	HBM1	HBM2	HBM3	HBM4	HBM5	HBM6	HBM7	Row sum
Core0	0.0000	0.0000	3.7500	3.7500	3.7500	3.7500	3.7500	3.7500	3.7500	3.7500	30.0000
Core1	0.0000	0.0000	3.7500	3.7500	3.7500	3.7500	3.7500	3.7500	3.7500	3.7500	30.0000
HBM0	7.5000	0.0000	0.0000	5.2246	5.2246	5.2246	0.0000	0.0000	0.0000	0.0000	23.1739
HBM1	7.5000	0.0000	5.2246	0.0000	5.2246	5.2246	0.0000	0.0000	0.0000	0.0000	23.1739
HBM2	0.0000	7.5000	5.2246	5.2246	0.0000	5.2246	0.0000	0.0000	0.0000	0.0000	23.1739
HBM3	0.0000	7.5000	5.2246	5.2246	5.2246	0.0000	0.0000	0.0000	0.0000	0.0000	23.1739
HBM4	7.5000	0.0000	0.0000	0.0000	0.0000	0.0000	0.0000	5.2246	5.2246	5.2246	23.1739
HBM5	7.5000	0.0000	0.0000	0.0000	0.0000	0.0000	5.2246	0.0000	5.2246	5.2246	23.1739
HBM6	0.0000	7.5000	0.0000	0.0000	0.0000	0.0000	5.2246	5.2246	0.0000	5.2246	23.1739
HBM7	0.0000	7.5000	0.0000	0.0000	0.0000	0.0000	5.2246	5.2246	5.2246	0.0000	23.1739
Col sum	30.0000	30.0000	23.1739	23.1739	23.1739	23.1739	23.1739	23.1739	23.1739	23.1739	245.3906
