	Destination
Source	Core0	Core1	HBM0	HBM1	HBM2	HBM3	HBM4	HBM5	HBM6	HBM7		Row sum
Core0	0.000000	0.000000	64.000000	64.000000	64.000000	64.000000	64.000000	64.000000	64.000000	64.000000		512.000000
Core1	0.000000	0.000000	64.000000	64.000000	64.000000	64.000000	64.000000	64.000000	64.000000	64.000000		512.000000
HBM0	32.000000	0.000000	0.000000	0.000000	0.000000	0.000000	0.000000	0.000000	0.000000	0.000000		32.000000
HBM1	32.000000	0.000000	0.000000	0.000000	0.000000	0.000000	0.000000	0.000000	0.000000	0.000000		32.000000
HBM2	0.000000	32.000000	0.000000	0.000000	0.000000	0.000000	0.000000	0.000000	0.000000	0.000000		32.000000
HBM3	0.000000	32.000000	0.000000	0.000000	0.000000	0.000000	0.000000	0.000000	0.000000	0.000000		32.000000
HBM4	32.000000	0.000000	0.000000	0.000000	0.000000	0.000000	0.000000	0.000000	0.000000	0.000000		32.000000
HBM5	32.000000	0.000000	0.000000	0.000000	0.000000	0.000000	0.000000	0.000000	0.000000	0.000000		32.000000
HBM6	0.000000	32.000000	0.000000	0.000000	0.000000	0.000000	0.000000	0.000000	0.000000	0.000000		32.000000
HBM7	0.000000	32.000000	0.000000	0.000000	0.000000	0.000000	0.000000	0.000000	0.000000	0.000000		32.000000
Col sum	128.000000	128.000000	128.000000	128.000000	128.000000	128.000000	128.000000	128.000000	128.000000	128.000000		1280.000000
