	Destination										
Source	Core0	Core1	HBM0	HBM1	HBM2	HBM3	HBM4	HBM5	HBM6	HBM7	Row sum
Core0	0.0000	0.0000	15.0000	15.0000	15.0000	15.0000	15.0000	15.0000	15.0000	15.0000	120.0000
Core1	0.0000	0.0000	15.0000	15.0000	15.0000	15.0000	15.0000	15.0000	15.0000	15.0000	120.0000
HBM0	30.0000	0.0000	0.0000	20.8984	20.8984	20.8984	0.0000	0.0000	0.0000	0.0000	92.6954
HBM1	30.0000	0.0000	20.8984	0.0000	20.8984	20.8984	0.0000	0.0000	0.0000	0.0000	92.6954
HBM2	0.0000	30.0000	20.8984	20.8984	0.0000	20.8984	0.0000	0.0000	0.0000	0.0000	92.6954
HBM3	0.0000	30.0000	20.8984	20.8984	20.8984	0.0000	0.0000	0.0000	0.0000	0.0000	92.6954
HBM4	30.0000	0.0000	0.0000	0.0000	0.0000	0.0000	0.0000	20.8984	20.8984	20.8984	92.6954
HBM5	30.0000	0.0000	0.0000	0.0000	0.0000	0.0000	20.8984	0.0000	20.8984	20.8984	92.6954
HBM6	0.0000	30.0000	0.0000	0.0000	0.0000	0.0000	20.8984	20.8984	0.0000	20.8984	92.6954
HBM7	0.0000	30.0000	0.0000	0.0000	0.0000	0.0000	20.8984	20.8984	20.8984	0.0000	92.6954
Col sum	120.0000	120.0000	92.6954	92.6954	92.6954	92.6954	92.6954	92.6954	92.6954	92.6954	981.5626
